-75.250973
-40.900557
-21.179007
-17.713371
-13.282509
1.870883
19.282319
37.090240
61.524010
-19.054445
-13.759029
-14.270972
-21.236736
-17.679742
56.130366
-24.703615
23.634501
-35.675147
-1.831239
13.794185
15.783471
9.748917
12.865416
15.199999
17.189877
21.521757
-9.189967
4.570868
8.537981
15.868310
19.313299
25.034280
-38.416097
-14.235004
6.423750
15.792700
18.971187
19.906450
18.109581
-16.290154
52.132633
12.169570
12.521110
18.735693
21.694025
18.220833
71.706936
-23.442503
10.691803
18.075277
18.042480
16.742498
17.060816
17.357822
18.335765
17.896180
18.220554
18.420695
32.307800
-51.796253
-32.522779
3.919305
4.860416
46.603354
12.116500
12.984305
13.193887
13.909444
15.415000
46.779980
39.399872
16.002082
64.963051
14.497401
31.791702
24.215527
21.007890
40.463667
-15.965071
8.460555
9.945587
6.428055
11.803749
17.570692
13.443182
55.3781
7.539989
28.0339
53.1424
62.0000
60.4720
7.9465
12.2383
8.6195
36.1408
49.2144
49.4657
54.2361
1.6508
9.0820
9.3077
17.6078
42.5078
50.5039
-0.2280
-0.8037
5.3549
0.1864
26.3351
33.8869
41.8719
43.7384
51.1657
47.5162
46.8182
47.1660
49.8153
56.2639
60.1282
-22.9576
-30.5595
-11.2027
-4.0383
6.6111
15.4542
35.9375
45.1000
43.9333
43.9159
41.9029
49.8175
47.1625
48.6690
46.1512
51.9194
-22.3285
-13.1339
12.8628
39.0742
41.6086
41.1533
42.6026
45.9432
44.0165
42.7339
42.7087
48.3794
55.1694
58.5953
56.8796
61.9241
60.2000
-29.6099
-19.0154
7.8627
26.8206
38.9637
47.4116
53.7098
-26.5225
-18.6657
-13.2543
-6.3690
-3.3731
-1.9403
1.3733
9.1450
34.9868
35.1264
35.1983
35.1142
34.5833
1.2921
15.3229
23.8859
31.0461
31.9522
30.5852
33.8547
34.8021
33.2232
-18.7669
-11.6455
5.1521
9.5626
11.8251
15.5527
32.4279
40.1431
40.0691
42.3154
-4.6796
26.0667
29.3117
48.0196
21.4735
23.4241
25.3548
38.9697
41.3775
-20.3484
30.3753
33.9391
38.8610
45.9601
3.2028
20.5937
41.2044
35.8617
35.4500
7.8731
28.3949
23.6850
27.5142
46.8625
-0.7893
21.9162
-10.0000
4.2105
15.8700
19.8563
1.3521
14.0583
12.5657
-25.2744
4.5353
12.8797
8.8660
15.1269
22.3193
22.1987
-12.2489
23.6978
36.2048
-8.8742
35.9078
40.3399
7.5149
7.4256
-6.3149
13.4443
15.0979
-18.2829
-9.6457
-29.0408
-22.2670
-15.3767
-0.5228
7.1315
-7.1095
