-0.071389
174.885971
-175.198242
178.065032
-176.191106
-157.363026
166.647047
-95.712891
105.318756
-169.867233
-172.104629
-170.132217
-159.777671
-149.406843
-106.346771
-127.439308
-102.552784
-71.542969
-78.183406
-88.896530
-90.230759
-83.753428
-85.207229
-86.241905
-88.497650
-77.781167
-75.015152
-74.297333
-80.782127
-78.638485
-81.254601
-77.396280
-63.616672
-51.925280
-66.589730
-78.553408
-72.285215
-75.207432
-77.297508
-63.588653
5.291266
-68.990021
-69.968338
-70.162651
-71.797928
-66.590149
-42.604303
-58.443832
-61.222503
-63.060001
-63.054829
-62.187366
-61.796428
-62.782998
-64.896335
-62.850782
-63.068615
-64.639968
-64.750500
-59.523613
-55.765835
-56.027783
-58.930180
1.888334
-61.679000
-61.287228
-59.543198
-60.978893
-61.371000
-56.177505
-8.224454
-24.013197
-19.020835
-14.452362
-7.092620
-12.885834
-10.940835
-3.749220
-5.708924
-11.779889
-9.696645
-9.429499
-15.180413
-3.996166
-15.310139
-3.4360
-5.547080
1.6596
-7.6921
-6.7900
8.4689
-1.0232
-1.5616
0.8248
-5.3536
-2.1312
-2.5853
-4.5481
10.2679
8.6753
2.3158
8.0817
1.5211
4.4699
15.8277
11.6094
14.2500
6.6131
17.2283
9.5375
12.5674
7.4246
10.4515
14.5501
8.2275
9.5554
6.1296
9.5018
18.6435
18.4904
22.9375
17.8739
21.7587
20.9394
18.7322
14.3754
15.2000
12.4500
17.6791
12.4534
15.4730
19.5033
19.6990
14.9955
19.1451
24.6849
27.8493
30.2176
21.8243
21.7453
20.1683
20.9030
24.9668
21.0059
25.4858
19.3744
31.1656
23.8813
25.0136
24.6032
25.7482
20.3712
28.2336
29.1549
30.2176
30.8025
35.2433
28.3699
27.9534
31.4659
35.5296
34.3015
34.8888
29.9189
29.8739
32.2903
40.4897
33.7490
33.4299
33.3558
33.4076
32.9500
36.8219
38.9251
45.0792
34.8516
35.2332
36.2384
35.8623
38.9968
43.6793
46.8691
43.3333
46.1996
43.9365
42.5903
48.5164
53.6880
47.5769
45.0382
43.3569
55.4915
50.5577
47.4818
66.9237
55.9754
53.8478
51.1839
59.5563
64.5853
57.5522
69.3451
67.7100
71.2761
63.3050
73.2207
78.9629
74.7661
104.1954
77.5667
80.7718
84.1240
90.3563
90.4336
103.8467
113.9213
95.9560
105.6500
101.9758
100.9925
102.4955
103.8198
108.2772
104.9910
133.7751
114.7277
121.7740
114.2081
117.7432
114.1694
113.5439
123.5970
120.9605
138.2529
125.7275
127.7669
127.5101
134.5825
150.5508
143.9555
144.7937
145.6739
147.6351
160.1562
167.9547
166.4390
166.9592
166.9315
171.1845
179.3460
